{
    "w": 5712,
    "h": 4284,
    "fl_x": 4158.0468167053505,
    "fl_y": 4159.654906011846,
    "cx": 2851.0176185648115,
    "cy": 2147.0810105280643,
    "k1": 0.10840192329465964,
    "k2": -0.2432924916571877,
    "p1": -0.0007507305712347077,
    "p2": 4.4471401138613207e-05,
    "camera_model": "OPENCV",
    "frames": [
        {
            "file_path": "images/frame_00111.jpg",
            "transform_matrix": [
                [
                    0.859631937369661,
                    0.0761850860059347,
                    -0.5052017071669013,
                    -0.2483019474588879
                ],
                [
                    -0.4331192586558516,
                    -0.41582437576085735,
                    -0.799686061091788,
                    -2.618551845352925
                ],
                [
                    -0.27099933585802116,
                    0.9062482668636457,
                    -0.32445868576931297,
                    -1.4928478497400453
                ],
                [
                    0.0,
                    0.0,
                    0.0,
                    1.0
                ]
            ],
            "colmap_im_id": 111
        },
        {
            "file_path": "images/frame_00110.jpg",
            "transform_matrix": [
                [
                    0.19328015686380676,
                    -0.007951524646355538,
                    -0.981111387263699,
                    -2.016797936178694
                ],
                [
                    -0.9566198733982713,
                    -0.22370310707728214,
                    -0.18664227201640268,
                    0.48400089681260433
                ],
                [
                    -0.21799357509380193,
                    0.9746248986865501,
                    -0.05084395812733783,
                    0.22161697236287847
                ],
                [
                    0.0,
                    0.0,
                    0.0,
                    1.0
                ]
            ],
            "colmap_im_id": 110
        },
        {
            "file_path": "images/frame_00109.jpg",
            "transform_matrix": [
                [
                    0.8786186273535213,
                    0.14179948894857194,
                    -0.4559848819877014,
                    0.06530205274833299
                ],
                [
                    0.4561066873731559,
                    -0.5319702939963311,
                    0.7134243450001851,
                    4.182115627193977
                ],
                [
                    -0.14140720420438394,
                    -0.8348056727402977,
                    -0.5320747046794452,
                    -1.9496503168992867
                ],
                [
                    0.0,
                    0.0,
                    0.0,
                    1.0
                ]
            ],
            "colmap_im_id": 109
        },
        {
            "file_path": "images/frame_00108.jpg",
            "transform_matrix": [
                [
                    0.47620944843387175,
                    -0.41723886501673824,
                    -0.77403894652779,
                    -2.2540389543869255
                ],
                [
                    0.3366584556143051,
                    0.8996991003361351,
                    -0.2778535821574726,
                    0.11691255039378144
                ],
                [
                    0.8123334570764017,
                    -0.12827025521878396,
                    0.5689122042463218,
                    3.184203576845239
                ],
                [
                    0.0,
                    0.0,
                    0.0,
                    1.0
                ]
            ],
            "colmap_im_id": 108
        },
        {
            "file_path": "images/frame_00107.jpg",
            "transform_matrix": [
                [
                    0.7496011070240636,
                    0.1661567488879411,
                    -0.6406950250683143,
                    -0.6938800366921098
                ],
                [
                    -0.15991213491348005,
                    -0.8938400087375851,
                    -0.4189011194630627,
                    -0.9473582711919155
                ],
                [
                    -0.6422820949206908,
                    0.41646365217025105,
                    -0.6434529796071391,
                    -2.7210556559061074
                ],
                [
                    0.0,
                    0.0,
                    0.0,
                    1.0
                ]
            ],
            "colmap_im_id": 107
        },
        {
            "file_path": "images/frame_00106.jpg",
            "transform_matrix": [
                [
                    0.1204381375039862,
                    0.11195635987816296,
                    -0.9863875650662892,
                    -2.3945065242136767
                ],
                [
                    0.7510325599302953,
                    -0.6600517982636229,
                    0.016784443199172883,
                    1.4689844918699713
                ],
                [
                    -0.6491877609437192,
                    -0.7428306651530955,
                    -0.16357828079880193,
                    -1.0588163931533858
                ],
                [
                    0.0,
                    0.0,
                    0.0,
                    1.0
                ]
            ],
            "colmap_im_id": 106
        },
        {
            "file_path": "images/frame_00105.jpg",
            "transform_matrix": [
                [
                    0.9990570209897526,
                    -0.037355514825597,
                    -0.022127682282504297,
                    1.7792613371250479
                ],
                [
                    -0.01409933103000936,
                    0.20289281805060885,
                    -0.9790994399181264,
                    -2.9775788484979215
                ],
                [
                    0.041064311458821126,
                    0.9784881552147665,
                    0.2021748066125347,
                    1.3932766413174158
                ],
                [
                    0.0,
                    0.0,
                    0.0,
                    1.0
                ]
            ],
            "colmap_im_id": 105
        },
        {
            "file_path": "images/frame_00104.jpg",
            "transform_matrix": [
                [
                    0.839159157473559,
                    -0.12241939047133821,
                    -0.5299296191617267,
                    -0.030694530223568644
                ],
                [
                    0.49132699007605607,
                    0.5884972144760442,
                    0.6420816282815919,
                    3.634941179466239
                ],
                [
                    0.23325886317795028,
                    -0.7991774029529133,
                    0.5539907773224817,
                    2.3209582413859904
                ],
                [
                    0.0,
                    0.0,
                    0.0,
                    1.0
                ]
            ],
            "colmap_im_id": 104
        },
        {
            "file_path": "images/frame_00103.jpg",
            "transform_matrix": [
                [
                    -0.7764601136411421,
                    0.39809568919537974,
                    -0.48849719975496386,
                    0.17906250950075658
                ],
                [
                    -0.03831986376669263,
                    -0.8035808029602667,
                    -0.5939608414320219,
                    -0.3192280381657568
                ],
                [
                    -0.6290002225478839,
                    -0.4424677562916751,
                    0.6392034141624433,
                    2.403886562213563
                ],
                [
                    0.0,
                    0.0,
                    0.0,
                    1.0
                ]
            ],
            "colmap_im_id": 103
        },
        {
            "file_path": "images/frame_00102.jpg",
            "transform_matrix": [
                [
                    0.6254158467915804,
                    -0.39559970579109754,
                    -0.672574078715473,
                    -1.6957449560535602
                ],
                [
                    -0.14856797767448823,
                    0.7858119755097676,
                    -0.6003558071303626,
                    -1.8673553001409127
                ],
                [
                    0.7660173461428162,
                    0.4753950062037183,
                    0.43268581382439997,
                    2.574879840741568
                ],
                [
                    0.0,
                    0.0,
                    0.0,
                    1.0
                ]
            ],
            "colmap_im_id": 102
        },
        {
            "file_path": "images/frame_00101.jpg",
            "transform_matrix": [
                [
                    -0.8915229679128536,
                    0.36764366117520975,
                    -0.26462225167499753,
                    0.8095850262462584
                ],
                [
                    -0.15572779135674303,
                    -0.7973363865867691,
                    -0.5830982263940657,
                    -0.3827560454988813
                ],
                [
                    -0.4253653167372828,
                    -0.4786364225823629,
                    0.7680960371558688,
                    2.6542993643932213
                ],
                [
                    0.0,
                    0.0,
                    0.0,
                    1.0
                ]
            ],
            "colmap_im_id": 101
        },
        {
            "file_path": "images/frame_00100.jpg",
            "transform_matrix": [
                [
                    0.908821653100203,
                    0.26080250829359786,
                    -0.3256151939390759,
                    0.5304085942533023
                ],
                [
                    0.3695356126084956,
                    -0.86548797962202,
                    0.3381922354872433,
                    2.6380141262754218
                ],
                [
                    -0.19361465303607084,
                    -0.4276828366880801,
                    -0.8829500310505461,
                    -3.108826340071484
                ],
                [
                    0.0,
                    0.0,
                    0.0,
                    1.0
                ]
            ],
            "colmap_im_id": 100
        },
        {
            "file_path": "images/frame_00099.jpg",
            "transform_matrix": [
                [
                    0.9888431404030912,
                    0.11868153461278354,
                    0.09002186967457976,
                    2.0230448680708712
                ],
                [
                    0.11946793989756506,
                    -0.2708835321309757,
                    -0.9551698924049472,
                    -2.978605191260221
                ],
                [
                    -0.0889755866200619,
                    0.9552679233399398,
                    -0.28203996103994644,
                    -0.8465037850176752
                ],
                [
                    0.0,
                    0.0,
                    0.0,
                    1.0
                ]
            ],
            "colmap_im_id": 99
        },
        {
            "file_path": "images/frame_00098.jpg",
            "transform_matrix": [
                [
                    0.7241565963302128,
                    0.20090974919565777,
                    -0.6597215296392703,
                    -0.4692748986403621
                ],
                [
                    0.05660447569762915,
                    -0.970711500267219,
                    -0.23348472451096375,
                    0.10545896874089596
                ],
                [
                    -0.687308633237236,
                    0.13173631210528822,
                    -0.7143195270678657,
                    -3.141613657205408
                ],
                [
                    0.0,
                    0.0,
                    0.0,
                    1.0
                ]
            ],
            "colmap_im_id": 98
        },
        {
            "file_path": "images/frame_00097.jpg",
            "transform_matrix": [
                [
                    0.8246423822816468,
                    0.1820178743523148,
                    -0.5355692623378558,
                    -0.31539186115394857
                ],
                [
                    -0.334854800618742,
                    -0.6060037972295406,
                    -0.7215480997452357,
                    -2.1720754928922594
                ],
                [
                    -0.45589165801474446,
                    0.7743570824623759,
                    -0.4387868559938008,
                    -2.086187966015354
                ],
                [
                    0.0,
                    0.0,
                    0.0,
                    1.0
                ]
            ],
            "colmap_im_id": 97
        },
        {
            "file_path": "images/frame_00096.jpg",
            "transform_matrix": [
                [
                    0.826289763854079,
                    0.1877570537988143,
                    -0.5310296742167613,
                    -0.053899882419144014
                ],
                [
                    0.5420224221609108,
                    -0.008698758288786312,
                    0.8403190022122858,
                    4.467453791842134
                ],
                [
                    0.15315652132635366,
                    -0.9821769801583731,
                    -0.10895622801009476,
                    0.19500378244970434
                ],
                [
                    0.0,
                    0.0,
                    0.0,
                    1.0
                ]
            ],
            "colmap_im_id": 96
        },
        {
            "file_path": "images/frame_00095.jpg",
            "transform_matrix": [
                [
                    0.9763296283388185,
                    0.20911440720712096,
                    -0.055241483743640546,
                    1.5484616767889254
                ],
                [
                    0.12763995664187128,
                    -0.7632514338471915,
                    -0.6333682106000168,
                    -1.4444641976465578
                ],
                [
                    -0.1746095595786374,
                    0.6113251290668659,
                    -0.7718763426062065,
                    -2.6908808102311745
                ],
                [
                    0.0,
                    0.0,
                    0.0,
                    1.0
                ]
            ],
            "colmap_im_id": 95
        },
        {
            "file_path": "images/frame_00094.jpg",
            "transform_matrix": [
                [
                    0.0913176917205287,
                    0.2874786562525581,
                    -0.953423883368808,
                    -2.099989829945128
                ],
                [
                    0.22599130023684316,
                    -0.9384264793971645,
                    -0.26131145207109563,
                    0.04594357675702138
                ],
                [
                    -0.9698396833477665,
                    -0.19160314445610518,
                    -0.15066261526482758,
                    -0.7165639604611169
                ],
                [
                    0.0,
                    0.0,
                    0.0,
                    1.0
                ]
            ],
            "colmap_im_id": 94
        },
        {
            "file_path": "images/frame_00093.jpg",
            "transform_matrix": [
                [
                    0.8914497381249515,
                    0.13110597001491445,
                    -0.43373792666010175,
                    0.12359651460193245
                ],
                [
                    0.39656686967670246,
                    -0.688822728713014,
                    0.6068426206877521,
                    3.917260579342572
                ],
                [
                    -0.21920785175667587,
                    -0.7129757871308157,
                    -0.6660431252504729,
                    -2.150233916407654
                ],
                [
                    0.0,
                    0.0,
                    0.0,
                    1.0
                ]
            ],
            "colmap_im_id": 93
        },
        {
            "file_path": "images/frame_00092.jpg",
            "transform_matrix": [
                [
                    0.9769998323678294,
                    0.20323090593669846,
                    -0.06456412645875671,
                    1.4727606145055006
                ],
                [
                    0.1392545696068723,
                    -0.8373730368599325,
                    -0.5285967858241087,
                    -1.05746211676778
                ],
                [
                    -0.16149146230323838,
                    0.5074481214982697,
                    -0.8464141489785237,
                    -2.9004318553716373
                ],
                [
                    0.0,
                    0.0,
                    0.0,
                    1.0
                ]
            ],
            "colmap_im_id": 92
        },
        {
            "file_path": "images/frame_00091.jpg",
            "transform_matrix": [
                [
                    0.7248460329732569,
                    0.20647222751054145,
                    -0.6572423052039237,
                    -0.6153344165727833
                ],
                [
                    -0.04772082373697616,
                    -0.9366909376592358,
                    -0.3468901991825743,
                    -0.47950250296970115
                ],
                [
                    -0.6872561032575824,
                    0.2828061289539123,
                    -0.6691036855086862,
                    -2.9404120716706554
                ],
                [
                    0.0,
                    0.0,
                    0.0,
                    1.0
                ]
            ],
            "colmap_im_id": 91
        },
        {
            "file_path": "images/frame_00090.jpg",
            "transform_matrix": [
                [
                    0.9611368587489734,
                    0.26793996921111357,
                    -0.06651399592043458,
                    1.250540545661787
                ],
                [
                    0.22948958934033423,
                    -0.9093518665405026,
                    -0.347006788411566,
                    -0.30784967954766995
                ],
                [
                    -0.153461614544357,
                    0.31825674496929707,
                    -0.9355010300063746,
                    -3.1964842607963364
                ],
                [
                    0.0,
                    0.0,
                    0.0,
                    1.0
                ]
            ],
            "colmap_im_id": 90
        },
        {
            "file_path": "images/frame_00089.jpg",
            "transform_matrix": [
                [
                    0.3137126045233321,
                    -0.3649519598072984,
                    -0.876581125051184,
                    -2.152748057682522
                ],
                [
                    0.6670810480622112,
                    0.74168417595622,
                    -0.07005325440237839,
                    0.8851349894456134
                ],
                [
                    0.675712421877391,
                    -0.5627740667167902,
                    0.4761282104135777,
                    2.3370501784320257
                ],
                [
                    0.0,
                    0.0,
                    0.0,
                    1.0
                ]
            ],
            "colmap_im_id": 89
        },
        {
            "file_path": "images/frame_00088.jpg",
            "transform_matrix": [
                [
                    0.7985324062134598,
                    -0.1952768057447718,
                    -0.5693970191044743,
                    -0.9463088561936392
                ],
                [
                    -0.542665117314258,
                    0.17582052087729322,
                    -0.8213414118919977,
                    -2.670460311579134
                ],
                [
                    0.26050060782509693,
                    0.9648596341315954,
                    0.03442847289960868,
                    0.42420699300018533
                ],
                [
                    0.0,
                    0.0,
                    0.0,
                    1.0
                ]
            ],
            "colmap_im_id": 88
        },
        {
            "file_path": "images/frame_00087.jpg",
            "transform_matrix": [
                [
                    0.24772937153428823,
                    -0.3521378369930086,
                    -0.9025680596149589,
                    -2.3257431705258362
                ],
                [
                    0.7708643258721641,
                    0.6359506932765804,
                    -0.036536376649726816,
                    1.1402783392261275
                ],
                [
                    0.5868546238864275,
                    -0.6867063852032558,
                    0.4289941618998998,
                    2.201726913312264
                ],
                [
                    0.0,
                    0.0,
                    0.0,
                    1.0
                ]
            ],
            "colmap_im_id": 87
        },
        {
            "file_path": "images/frame_00086.jpg",
            "transform_matrix": [
                [
                    0.8198904694745006,
                    0.20387913864587898,
                    -0.5349887053853545,
                    -0.6521276048774696
                ],
                [
                    -0.24278993129190884,
                    -0.7224435901146696,
                    -0.6474011958326134,
                    -1.3727622313752021
                ],
                [
                    -0.51849075915406,
                    0.6606879414120117,
                    -0.5428248122042737,
                    -2.9328467742843163
                ],
                [
                    0.0,
                    0.0,
                    0.0,
                    1.0
                ]
            ],
            "colmap_im_id": 86
        },
        {
            "file_path": "images/frame_00085.jpg",
            "transform_matrix": [
                [
                    0.9973131843014479,
                    -0.0505576325116674,
                    -0.053012623150730694,
                    1.732025910019724
                ],
                [
                    -0.03260309762742842,
                    0.3417102199780651,
                    -0.9392396731333482,
                    -2.683572537225672
                ],
                [
                    0.06560068935310487,
                    0.93844448496294,
                    0.3391437721660829,
                    1.7929224580041503
                ],
                [
                    0.0,
                    0.0,
                    0.0,
                    1.0
                ]
            ],
            "colmap_im_id": 85
        },
        {
            "file_path": "images/frame_00084.jpg",
            "transform_matrix": [
                [
                    -0.23068467251044067,
                    0.0383946496791129,
                    -0.9722707610253277,
                    -1.2095538066258396
                ],
                [
                    -0.959713829485361,
                    -0.1737142879864887,
                    0.2208454474149101,
                    1.971022078166789
                ],
                [
                    -0.16041803939487384,
                    0.9840473550725928,
                    0.07692109990983774,
                    0.5576406739333698
                ],
                [
                    0.0,
                    0.0,
                    0.0,
                    1.0
                ]
            ],
            "colmap_im_id": 84
        },
        {
            "file_path": "images/frame_00083.jpg",
            "transform_matrix": [
                [
                    0.8480077453207073,
                    0.14537014254194752,
                    -0.5096571254612499,
                    -0.10199230643945824
                ],
                [
                    0.4884953270078273,
                    0.15859345349806633,
                    0.8580328851501384,
                    4.432996280583081
                ],
                [
                    0.20556064644675118,
                    -0.9765836565112528,
                    0.06347584160531647,
                    0.7127098052532685
                ],
                [
                    0.0,
                    0.0,
                    0.0,
                    1.0
                ]
            ],
            "colmap_im_id": 83
        },
        {
            "file_path": "images/frame_00082.jpg",
            "transform_matrix": [
                [
                    -0.46680853486622714,
                    0.012546845487156377,
                    -0.8842693981159627,
                    -0.7285603429638144
                ],
                [
                    -0.8758783855326641,
                    -0.144696974900274,
                    0.460325796812869,
                    2.4302469693366833
                ],
                [
                    -0.1221754702579027,
                    0.9893964635690945,
                    0.07853529362159052,
                    0.5901855836639898
                ],
                [
                    0.0,
                    0.0,
                    0.0,
                    1.0
                ]
            ],
            "colmap_im_id": 82
        },
        {
            "file_path": "images/frame_00081.jpg",
            "transform_matrix": [
                [
                    0.9910564023759466,
                    0.0516381194286195,
                    0.12304760026721932,
                    2.109967153390641
                ],
                [
                    0.12797831588452518,
                    -0.10660792843078584,
                    -0.9860305777505366,
                    -3.3469445295949214
                ],
                [
                    -0.03779891497128523,
                    0.992959341673954,
                    -0.11226302957528572,
                    0.016173950578192656
                ],
                [
                    0.0,
                    0.0,
                    0.0,
                    1.0
                ]
            ],
            "colmap_im_id": 81
        },
        {
            "file_path": "images/frame_00080.jpg",
            "transform_matrix": [
                [
                    0.1834041447193198,
                    -0.3151676509009561,
                    -0.9311456768547807,
                    -2.4089618417541994
                ],
                [
                    0.8977342250814547,
                    0.4396457902131301,
                    0.028015000718761698,
                    1.3943949215309686
                ],
                [
                    0.40054485493783926,
                    -0.8410594098953086,
                    0.36356964698580096,
                    1.8688339975431791
                ],
                [
                    0.0,
                    0.0,
                    0.0,
                    1.0
                ]
            ],
            "colmap_im_id": 80
        },
        {
            "file_path": "images/frame_00079.jpg",
            "transform_matrix": [
                [
                    0.9231158459030393,
                    -0.29684589234221187,
                    -0.24441696185467995,
                    0.7654556234175548
                ],
                [
                    0.23698410194815667,
                    0.9397703106086001,
                    -0.24631341563633938,
                    0.3997503327226043
                ],
                [
                    0.3028129298206102,
                    0.1694528828263781,
                    0.9378646224457381,
                    3.8165626868747022
                ],
                [
                    0.0,
                    0.0,
                    0.0,
                    1.0
                ]
            ],
            "colmap_im_id": 79
        },
        {
            "file_path": "images/frame_00078.jpg",
            "transform_matrix": [
                [
                    0.7415836073300753,
                    0.19962913358224843,
                    -0.6404701104380387,
                    -0.4782517610965592
                ],
                [
                    0.14586816459450802,
                    -0.9798404004775169,
                    -0.13651105504642622,
                    0.6595081066340284
                ],
                [
                    -0.6548100731488041,
                    0.007810161154524664,
                    -0.7557531141090968,
                    -3.5494353984600115
                ],
                [
                    0.0,
                    0.0,
                    0.0,
                    1.0
                ]
            ],
            "colmap_im_id": 78
        },
        {
            "file_path": "images/frame_00077.jpg",
            "transform_matrix": [
                [
                    0.8883530239430582,
                    -0.2841072331715629,
                    -0.3607103892471407,
                    0.3863007520752272
                ],
                [
                    0.32665435111323515,
                    0.9431317893539598,
                    0.061638971509820804,
                    1.7954764641506256
                ],
                [
                    0.32268535719802327,
                    -0.17258478487281653,
                    0.9306388409476507,
                    3.7709304364361116
                ],
                [
                    0.0,
                    0.0,
                    0.0,
                    1.0
                ]
            ],
            "colmap_im_id": 77
        },
        {
            "file_path": "images/frame_00076.jpg",
            "transform_matrix": [
                [
                    0.9696228038504826,
                    -0.19637667110306264,
                    -0.1458349111139305,
                    1.0770733054434096
                ],
                [
                    0.09014601506242745,
                    0.8411260427201017,
                    -0.5332735472779295,
                    -0.5684205952919731
                ],
                [
                    0.2273880256774596,
                    0.5039277560370149,
                    0.8332775662850919,
                    3.7280245500448115
                ],
                [
                    0.0,
                    0.0,
                    0.0,
                    1.0
                ]
            ],
            "colmap_im_id": 76
        },
        {
            "file_path": "images/frame_00075.jpg",
            "transform_matrix": [
                [
                    0.9992505418039649,
                    -0.0005053405302316202,
                    0.03870528821015286,
                    1.832196026371792
                ],
                [
                    0.03848994528095796,
                    -0.09315566157938396,
                    -0.994907305646097,
                    -3.455091027882178
                ],
                [
                    0.004108383715204032,
                    0.9956514286368778,
                    -0.09306639477594936,
                    -0.19225498919675785
                ],
                [
                    0.0,
                    0.0,
                    0.0,
                    1.0
                ]
            ],
            "colmap_im_id": 75
        },
        {
            "file_path": "images/frame_00074.jpg",
            "transform_matrix": [
                [
                    0.8023091480308662,
                    0.081935495127279,
                    -0.591258493067316,
                    -0.8664871562281332
                ],
                [
                    -0.5219309671790818,
                    -0.3843342977505021,
                    -0.7614953795474643,
                    -2.5596944999453735
                ],
                [
                    -0.2896344186824037,
                    0.9195508263336378,
                    -0.26559025076916887,
                    -0.8570811424434265
                ],
                [
                    0.0,
                    0.0,
                    0.0,
                    1.0
                ]
            ],
            "colmap_im_id": 74
        },
        {
            "file_path": "images/frame_00073.jpg",
            "transform_matrix": [
                [
                    0.9802073646841307,
                    0.19313787746320754,
                    0.043488877980449384,
                    1.766528192992823
                ],
                [
                    0.14757066858978504,
                    -0.5663712225836945,
                    -0.8108307690270607,
                    -2.2281093700323695
                ],
                [
                    -0.13197128472116657,
                    0.8011999741126169,
                    -0.58366272922895,
                    -2.1257493891311885
                ],
                [
                    0.0,
                    0.0,
                    0.0,
                    1.0
                ]
            ],
            "colmap_im_id": 73
        },
        {
            "file_path": "images/frame_00072.jpg",
            "transform_matrix": [
                [
                    0.920252861066411,
                    0.3007554492792447,
                    -0.2503614016335669,
                    0.766017185900112
                ],
                [
                    0.34812054840070766,
                    -0.9214009248192748,
                    0.1727206401197456,
                    1.739116783347758
                ],
                [
                    -0.17873655328520555,
                    -0.24610261167046502,
                    -0.9526209891917667,
                    -3.424865566773776
                ],
                [
                    0.0,
                    0.0,
                    0.0,
                    1.0
                ]
            ],
            "colmap_im_id": 72
        },
        {
            "file_path": "images/frame_00071.jpg",
            "transform_matrix": [
                [
                    0.9302538048633222,
                    0.11557405069583274,
                    -0.34823913815518914,
                    0.17536966753629407
                ],
                [
                    0.31153939787770835,
                    -0.7501766957175064,
                    0.5832479136459531,
                    3.783111919256669
                ],
                [
                    -0.1938325620408161,
                    -0.651058802266062,
                    -0.7338605956750727,
                    -3.180844779529924
                ],
                [
                    0.0,
                    0.0,
                    0.0,
                    1.0
                ]
            ],
            "colmap_im_id": 71
        },
        {
            "file_path": "images/frame_00070.jpg",
            "transform_matrix": [
                [
                    -0.3431045319442459,
                    0.3850196607646102,
                    -0.8567608423498493,
                    -0.6793347277475241
                ],
                [
                    0.1343941386522139,
                    -0.8826223483541215,
                    -0.4504619913841625,
                    -0.06706190078020893
                ],
                [
                    -0.9296329897627605,
                    -0.2696991861510891,
                    0.251087342042945,
                    1.1627695538307772
                ],
                [
                    0.0,
                    0.0,
                    0.0,
                    1.0
                ]
            ],
            "colmap_im_id": 70
        },
        {
            "file_path": "images/frame_00069.jpg",
            "transform_matrix": [
                [
                    0.8125780454014134,
                    0.018657743352793514,
                    -0.5825536960183156,
                    -0.7403291506664786
                ],
                [
                    -0.5760568882151648,
                    -0.1264707091483221,
                    -0.8075664810202203,
                    -3.1915706783526283
                ],
                [
                    -0.08874334719560624,
                    0.9917948620256619,
                    -0.09201940006334682,
                    -0.08578071589005666
                ],
                [
                    0.0,
                    0.0,
                    0.0,
                    1.0
                ]
            ],
            "colmap_im_id": 69
        },
        {
            "file_path": "images/frame_00068.jpg",
            "transform_matrix": [
                [
                    0.9005329859323845,
                    -0.30393594644230415,
                    -0.3109071914702593,
                    0.5416449088817592
                ],
                [
                    0.28977462724931485,
                    0.9526647958769591,
                    -0.09198071590954052,
                    1.1617183920064604
                ],
                [
                    0.3241465820431002,
                    -0.007261346771208869,
                    0.94597899881173,
                    3.870189078890924
                ],
                [
                    0.0,
                    0.0,
                    0.0,
                    1.0
                ]
            ],
            "colmap_im_id": 68
        },
        {
            "file_path": "images/frame_00067.jpg",
            "transform_matrix": [
                [
                    0.9143718819163871,
                    -0.297188582768589,
                    -0.274960011333798,
                    0.6236564070890298
                ],
                [
                    0.2606583161263957,
                    0.9517606328175825,
                    -0.16189175412240006,
                    0.8664981152793962
                ],
                [
                    0.30980849535614213,
                    0.07635865432728152,
                    0.9477278365197946,
                    3.8788672863491716
                ],
                [
                    0.0,
                    0.0,
